agents:
  - name: agent0
    start: [2, 0]
    potentialGoals:
      - [[4, 4],[4, 4]]
      - [[7, 2],[6, 7]]
      - [[4, 1], [5, 3]]
      - [[6, 0], [2, 1]]
      - [[5, 3], [5, 3]]
      - [[6, 9], [6, 9]]
      - [[4, 0], [1, 3]]
      - [[2, 9], [6, 6]]
      - [[1, 0], [1, 3]]


    goalTimeWindows:
      - [[0, 10], [0, 20]] 
      - [[15, 30], [10, 40]] 
      - [[25, 40], [30, 50]]
      - [[25, 40], [30, 50]]
      - [[15, 30], [10, 40]] 
      - [[25, 40], [30, 50]]
      - [[0, 10], [0, 20]]
      - [[2, 40], [30, 50]]
      - [[0, 10], [0, 20]] 

  - name: agent1
    start: [0, 9]
    potentialGoals:
      - [[4, 4],[4, 4]]
      - [[7, 2],[6, 7]]
      - [[4, 1], [5, 3]]
      - [[6, 0], [2, 1]]
      - [[5, 3], [5, 3]]
      - [[6, 9], [6, 9]]
      - [[4, 0], [1, 3]]
      - [[2, 9], [6, 6]]
      - [[1, 0], [1, 3]]


    goalTimeWindows:
      - [[0, 10], [0, 20]] 
      - [[15, 30], [10, 40]] 
      - [[25, 40], [30, 50]]
      - [[25, 40], [30, 50]]
      - [[15, 30], [10, 40]] 
      - [[25, 40], [30, 50]]
      - [[0, 10], [0, 20]]
      - [[2, 40], [30, 50]]
      - [[0, 10], [0, 20]] 

  - name: agent2
    start: [7, 5]
    potentialGoals:
      - [[4, 4],[4, 4]]
      - [[7, 2],[6, 7]]
      - [[4, 1], [5, 3]]
      - [[6, 0], [2, 1]]
      - [[5, 3], [5, 3]]
      - [[6, 9], [6, 9]]
      - [[4, 0], [1, 3]]
      - [[2, 9], [6, 6]]
      - [[1, 0], [1, 3]]


    goalTimeWindows:
      - [[0, 10], [0, 20]] 
      - [[15, 30], [10, 40]] 
      - [[25, 40], [30, 50]]
      - [[25, 40], [30, 50]]
      - [[15, 30], [10, 40]] 
      - [[25, 40], [30, 50]]
      - [[0, 10], [0, 20]]
      - [[2, 40], [30, 50]]
      - [[0, 10], [0, 20]] 

  - name: agent3
    start: [9, 0]
    potentialGoals:
      - [[4, 4],[4, 4]]
      - [[7, 2],[6, 7]]
      - [[4, 1], [5, 3]]
      - [[6, 0], [2, 1]]
      - [[5, 3], [5, 3]]
      - [[6, 9], [6, 9]]
      - [[4, 0], [1, 3]]
      - [[2, 9], [6, 6]]
      - [[1, 0], [1, 3]]


    goalTimeWindows:
      - [[0, 10], [0, 20]] 
      - [[15, 30], [10, 40]] 
      - [[25, 40], [30, 50]]
      - [[25, 40], [30, 50]]
      - [[15, 30], [10, 40]] 
      - [[25, 40], [30, 50]]
      - [[0, 10], [0, 20]]
      - [[2, 40], [30, 50]]
      - [[0, 10], [0, 20]] 

  - name: agent4
    start: [5, 9]
    potentialGoals:
      - [[4, 4],[4, 4]]
      - [[7, 2],[6, 7]]
      - [[4, 1], [5, 3]]
      - [[6, 0], [2, 1]]
      - [[5, 3], [5, 3]]
      - [[6, 9], [6, 9]]
      - [[4, 0], [1, 3]]
      - [[2, 9], [6, 6]]
      - [[1, 0], [1, 3]]


    goalTimeWindows:
      - [[0, 10], [0, 20]] 
      - [[15, 30], [10, 40]] 
      - [[25, 40], [30, 50]]
      - [[25, 40], [30, 50]]
      - [[15, 30], [10, 40]] 
      - [[25, 40], [30, 50]]
      - [[0, 10], [0, 20]]
      - [[2, 40], [30, 50]]
      - [[0, 10], [0, 20]] 

  - name: agent5
    start: [5, 8]
    potentialGoals:
      - [[4, 4],[4, 4]]
      - [[7, 2],[6, 7]]
      - [[4, 1],[5, 3]]
      - [[6, 0], [2, 1]]
      - [[5, 3], [5, 3]]
      - [[6, 9], [6, 9]]
      - [[4, 0], [1, 3]]
      - [[2, 9], [6, 6]]
      - [[1, 0], [1, 3]]


    goalTimeWindows:
      - [[0, 10], [0, 20]] 
      - [[15, 30], [10, 40]] 
      - [[25, 40], [30, 50]]
      - [[25, 40], [30, 50]]
      - [[15, 30], [10, 40]] 
      - [[25, 40], [30, 50]]
      - [[0, 10], [0, 20]]
      - [[2, 40], [30, 50]]
      - [[0, 10], [0, 20]] 

  - name: agent6
    start: [5, 7]
    potentialGoals:
      - [[4, 4],[4, 4]]
      - [[7, 2],[6, 7]]
      - [[4, 1], [5, 3]]
      - [[6, 0], [2, 1]]
      - [[5, 3], [5, 3]]
      - [[6, 9], [6, 9]]
      - [[4, 0], [1, 3]]
      - [[2, 9], [6, 6]]
      - [[1, 0], [1, 3]]


    goalTimeWindows:
      - [[0, 10], [0, 20]] 
      - [[15, 30], [10, 40]] 
      - [[25, 40], [30, 50]]
      - [[25, 40], [30, 50]]
      - [[15, 30], [10, 40]] 
      - [[25, 40], [30, 50]]
      - [[0, 10], [0, 20]]
      - [[2, 40], [30, 50]]
      - [[0, 10], [0, 20]] 

  - name: agent7
    start: [5, 7]
    potentialGoals:
      - [[4, 4],[4, 4]]
      - [[7, 2],[6, 7]]
      - [[4, 1], [5, 3]]
      - [[6, 0], [2, 1]]
      - [[5, 3], [5, 3]]
      - [[6, 9], [6, 9]]
      - [[4, 0], [1, 3]]
      - [[2, 9], [6, 6]]
      - [[1, 0], [1, 3]]


    goalTimeWindows:
      - [[0, 10], [0, 20]] 
      - [[15, 30], [10, 40]] 
      - [[25, 40], [30, 50]]
      - [[25, 40], [30, 50]]
      - [[15, 30], [10, 40]] 
      - [[25, 40], [30, 50]]
      - [[0, 10], [0, 20]]
      - [[2, 40], [30, 50]]
      - [[0, 10], [0, 20]] 

  - name: agent8
    start: [5, 7]
    potentialGoals:
      - [[4, 4],[4, 4]]
      - [[7, 2],[6, 7]]
      - [[4, 1], [5, 3]]
      - [[6, 0], [2, 1]]
      - [[5, 3], [5, 3]]
      - [[6, 9], [6, 9]]
      - [[4, 0], [1, 3]]
      - [[2, 9], [6, 6]]
      - [[1, 0], [1, 3]]


    goalTimeWindows:
      - [[0, 10], [0, 20]] 
      - [[15, 30], [10, 40]] 
      - [[25, 40], [30, 50]]
      - [[25, 40], [30, 50]]
      - [[15, 30], [10, 40]] 
      - [[25, 40], [30, 50]]
      - [[0, 10], [0, 20]]
      - [[2, 40], [30, 50]]
      - [[0, 10], [0, 20]] 
    
map:
  dimensions: [12, 12]
  obstacles:
    - [0, 1]
    - [3, 1]
    - [6, 5]
    - [2, 5]
    - [10, 11]